4, 2, 1, 0, -2.1742758562410494, 3.373098815477882, 2.0, 2.0
5, 4, 1, 2, 0, 3, -4.670645007908523, 4.318764445628345, 4.551044003359686, 3.4522312091306047, 2.0, 2.0, 2.0, 2.0
6, 3, 3, 0, 1, -3.1940158788635085, 4.4665396604492695, -2.8027780301839145, 2.0, 2.0, 2.0
7, 3, 1, 2, 0, -2.334536636963829, 4.321974134458287, 4.302702885553755, 2.0, 2.0, 2.0
8, 3, 0, 3, 1, 2.157065060562417, 3.4214294851938396, -2.0440801659648615, 2.0, 2.0, 2.0
9, 2, 3, 0, 4.341128370712941, -3.416845412488945, 2.0, 2.0
10, 3, 0, 3, 1, 2.626648172015491, -2.197084576863097, 4.506440677226584, 2.0, 2.0, 2.0
11, 3, 0, 2, 3, 3.1061215125943855, -3.563888142962417, 2.6847060904810975, 2.0, 2.0, 2.0
12, 3, 1, 3, 0, 3.5475857081369844, 3.3739872770107144, 2.6359821640959744, 2.0, 2.0, 2.0
13, 1, 3, 2.908747186499578, 2.0
14, 4, 13, 11, 2, 4, 4.262794920041069, -3.4966869936078258, 4.928041469837641, -4.022390886608189, 2.0, 2.0, 2.0, 2.0
15, 4, 4, 0, 9, 13, 4.433371309800412, 3.249513295711637, 4.3777853488651495, 4.7552792964362265, 2.0, 2.0, 2.0, 2.0
16, 4, 10, 4, 6, 3, 4.271930621403317, -3.1644971183809867, -2.1316998279290154, 2.7398109049340738, 2.0, 2.0, 2.0, 2.0
17, 4, 8, 1, 11, 0, 3.3109876569968626, 3.1033579632684587, -4.314880732935823, -3.10943976796153, 2.0, 2.0, 2.0, 2.0
18, 4, 7, 3, 4, 0, 4.854289431085497, 4.349595239895878, 3.9078641214911856, 3.972060446510386, 2.0, 2.0, 2.0, 2.0
19, 3, 5, 1, 3, -2.0235247723157506, -2.862228789396739, -4.242333219790082, 2.0, 2.0, 2.0
23, 4, 21, 20, 22, 0, 2.9758854020690935, 3.5675305432567654, 3.5415633926203034, -4.640470213764456, 2.0, 2.0, 2.0, 2.0
24, 3, 20, 21, 1, 2.0000349042660983, 4.450338399516908, -3.1372821460158087, 2.0, 2.0, 2.0
25, 2, 21, 20, -4.545276137271574, 2.163903260002917, 2.0, 2.0
26, 4, 21, 22, 20, 1, 4.420080559084218, -2.3075478921994232, 2.9125961589088427, 3.012036640307278, 2.0, 2.0, 2.0, 2.0
27, 4, 21, 22, 20, 2, -2.9087927169212877, 2.889679736617792, 2.678375993749016, 2.050842994668743, 2.0, 2.0, 2.0, 2.0
28, 3, 21, 20, 22, 4.137863999295538, 4.919234488916999, -4.277015847565793, 2.0, 2.0, 2.0
29, 3, 21, 20, 22, -3.2678875910408274, -3.2496974854468768, 4.143272492213727, 2.0, 2.0, 2.0
30, 4, 20, 22, 21, 2, 2.383600403667253, 2.127266894620675, 2.544841903269808, -2.37665064428796, 2.0, 2.0, 2.0, 2.0
31, 4, 30, 20, 22, 27, 2.205059600929876, 4.296640251547583, -2.795978412666401, 4.400010445291044, 2.0, 2.0, 2.0, 2.0
32, 4, 29, 21, 27, 26, 4.022059757176378, 4.70582059024745, 3.658121227155636, 3.3129839844446103, 2.0, 2.0, 2.0, 2.0
33, 4, 21, 22, 27, 26, 4.2256889808761455, -4.856665357092783, -2.53776683572337, -4.910771329178171, 2.0, 2.0, 2.0, 2.0
34, 4, 22, 21, 28, 23, 3.804661637899472, 3.1128230244732955, 3.874622298820997, -2.5857218088694762, 2.0, 2.0, 2.0, 2.0
36, 1, 3, -4.873369402964611, 2.0
38, 3, 37, 36, 35, 4.14215817013438, 2.3056793026188105, 4.834208776349239, 2.0, 2.0, 2.0
39, 4, 37, 36, 35, 22, 2.274174458995329, 2.024959826681576, 4.648981474489319, 3.1078423106466233, 2.0, 2.0, 2.0, 2.0
40, 4, 37, 35, 20, 21, 4.632410139963445, 2.317717413211273, 2.911827536765082, 4.9545752082874275, 2.0, 2.0, 2.0, 2.0
41, 4, 37, 35, 27, 22, -2.5978110094004023, 4.598286900835074, -3.1896610459698898, 3.5266716667731677, 2.0, 2.0, 2.0, 2.0
42, 4, 37, 35, 36, 3, 4.216169452179699, 2.4644858377931596, 3.3007483778978433, 2.173533348341482, 2.0, 2.0, 2.0, 2.0
44, 4, 36, 35, 37, 2, -4.931020863316831, 4.840201186770187, 2.0412366620340356, 4.4214666120946475, 2.0, 2.0, 2.0, 2.0
45, 4, 37, 36, 35, 2, -3.9130647406878065, -4.51940481999328, 3.7930048481081093, 4.310474635271288, 2.0, 2.0, 2.0, 2.0
46, 4, 36, 39, 41, 44, 4.017381494075087, 3.6149958297671403, -2.903138233502939, 4.367878544959057, 2.0, 2.0, 2.0, 2.0
47, 4, 45, 37, 36, 42, -2.581589203810678, -2.7260662399426314, 2.565621817247753, 2.556940114703729, 2.0, 2.0, 2.0, 2.0
48, 4, 38, 43, 39, 40, 4.415270955486989, 4.055402929623453, 2.8065605431465803, 2.7451508262296227, 2.0, 2.0, 2.0, 2.0
49, 4, 40, 44, 37, 38, 3.8907416583684737, 4.485666793718244, 2.7451287811094005, 4.468951415125303, 2.0, 2.0, 2.0, 2.0
51, 1, 37, 2.187578887228537, 2.0
54, 4, 53, 50, 51, 0, 3.300416698266903, 2.346183926536752, -4.508353109621746, 4.033439600930133, 2.0, 2.0, 2.0, 2.0
55, 4, 52, 50, 51, 13, 3.3989292684205106, 3.5975121992479453, 3.6069697980427358, 4.852785783507645, 2.0, 2.0, 2.0, 2.0
56, 4, 53, 51, 50, 37, -2.9634864579078606, 4.170330987064736, 4.076220941073107, 2.742679310839659, 2.0, 2.0, 2.0, 2.0
57, 4, 51, 53, 52, 50, 2.7598171505681455, -3.6771778548398064, -2.6104182274927874, -3.011619726697256, 2.0, 2.0, 2.0, 2.0
58, 4, 50, 51, 52, 53, 3.235874285102306, 2.029936329975348, -2.200920836075815, -2.6603339777142594, 2.0, 2.0, 2.0, 2.0
59, 4, 52, 50, 53, 3, 4.705322085638686, 2.4285258944429957, 3.0515616028584853, -4.828172957282337, 2.0, 2.0, 2.0, 2.0
60, 4, 50, 52, 22, 36, 3.8942567636551293, -4.41061297838781, -4.798774587709016, 4.245153049028694, 2.0, 2.0, 2.0, 2.0
61, 4, 51, 50, 53, 37, 4.065894887923626, -2.3516117170407003, 3.1175998212786524, -2.8124189841109177, 2.0, 2.0, 2.0, 2.0
62, 4, 51, 53, 50, 0, -3.68203488481685, 4.991547061708851, 4.611580898808152, -2.6472220375293625, 2.0, 2.0, 2.0, 2.0
63, 4, 52, 50, 24, 44, 3.1634782697507937, 3.500338256229881, 4.8412720013255575, 2.923387495042237, 2.0, 2.0, 2.0, 2.0
64, 4, 61, 62, 57, 59, -4.096846485462157, 2.9690820372622815, 2.469430148010802, 2.8158381182553462, 2.0, 2.0, 2.0, 2.0
65, 4, 55, 52, 61, 50, -4.318428719871012, -2.227099181929362, 3.2970386792100417, 3.8169136679702342, 2.0, 2.0, 2.0, 2.0
66, 4, 62, 51, 58, 52, 4.000542173916974, 3.885279369843761, 4.7235155416506025, 4.632051359398516, 2.0, 2.0, 2.0, 2.0
67, 4, 61, 56, 59, 12, 3.105041641383054, 3.861421355155912, 4.388724351624106, 3.286106062959301, 2.0, 2.0, 2.0, 2.0
68, 4, 61, 59, 56, 29, 2.265154840953556, 3.9785323059223106, 4.2267595615972615, 2.155507397359187, 2.0, 2.0, 2.0, 2.0
69, 4, 63, 58, 22, 23, 2.7470262083272696, 3.5211789402161546, 4.4825189596196635, -3.0360258567346636, 2.0, 2.0, 2.0, 2.0
70, 4, 2, 35, 53, 52, 2.796748498875818, 2.6078979024060294, -2.2061410331718827, 3.1682148169366258, 2.0, 2.0, 2.0, 2.0
72, 1, 53, 3.1087225982803197, 2.0
73, 4, 70, 71, 39, 37, 4.33730775918736, 2.8595586467813687, 3.105346759749737, 3.376821549790461, 2.0, 2.0, 2.0, 2.0
74, 4, 70, 72, 3, 23, 3.829092275457848, 2.255310458359356, 4.973983704692662, 4.569611671243781, 2.0, 2.0, 2.0, 2.0
75, 4, 71, 70, 23, 43, 3.977136230396697, 4.763922536638926, 4.935576405167422, 2.331295590233308, 2.0, 2.0, 2.0, 2.0
76, 4, 70, 72, 22, 51, 3.607805236556355, 4.813895694301682, -4.09162814572891, 4.464165088702083, 2.0, 2.0, 2.0, 2.0
77, 4, 70, 71, 72, 23, -2.05743460399051, -4.658280305939624, -4.926029400437212, 3.0068313628095282, 2.0, 2.0, 2.0, 2.0
78, 4, 72, 70, 71, 2, -2.187182205794832, 4.4084328044735015, 4.212278257312032, 2.0526570900998866, 2.0, 2.0, 2.0, 2.0
79, 4, 70, 72, 71, 3, -4.514464924965928, -4.557642263737911, 4.991713699710808, -3.633446998400789, 2.0, 2.0, 2.0, 2.0
80, 4, 70, 71, 3, 25, 2.8310375729779365, 4.407920937058789, -4.355568629445225, 4.358616956783174, 2.0, 2.0, 2.0, 2.0
81, 4, 71, 70, 72, 36, 4.588990494076616, -3.20566159967219, 4.45092172181551, 4.743645991545677, 2.0, 2.0, 2.0, 2.0
82, 4, 78, 72, 70, 76, -2.9416264901674114, -3.0058371502348873, -4.098918708866365, 3.871995456586947, 2.0, 2.0, 2.0, 2.0
83, 4, 81, 70, 71, 75, 3.737943399985814, 2.4610731285326137, 2.5899607548588763, -2.2482105068545697, 2.0, 2.0, 2.0, 2.0
84, 4, 73, 70, 77, 72, 4.277877520755421, 3.465486897979716, 3.375294272394314, 2.20104961325363, 2.0, 2.0, 2.0, 2.0
85, 4, 70, 77, 79, 78, 4.882760440786474, 3.2558218247549897, -3.477707212259893, -3.6140681160917087, 2.0, 2.0, 2.0, 2.0
86, 4, 75, 71, 81, 70, -2.464775933430328, 2.633695494418793, -3.4688733861507344, 3.717821698646067, 2.0, 2.0, 2.0, 2.0
87, 1, 48, 2.7360569424986334, 2.0
88, 2, 78, 76, 4.5203242353176, 2.820921253582315, 2.0, 2.0
89, 4, 66, 7, 68, 55, 3.742851139664538, -4.984457881897853, -3.119367855267151, 3.645257488980688, 2.0, 2.0, 2.0, 2.0
90, 1, 14, -2.7211967386805207, 2.0
91, 1, 31, 3.9252031918956747, 2.0
92, 2, 21, 33, 4.262744779046242, 3.9702681904236714, 2.0, 2.0
93, 4, 69, 67, 56, 64, 2.8258646403555803, -2.6349076957095834, 2.509643018152206, 2.7244894557706036, 2.0, 2.0, 2.0, 2.0
94, 3, 78, 11, 4, -4.968353392895169, 2.036309350328322, -2.7797149377284986, 2.0, 2.0, 2.0
95, 7, 44, 39, 17, 8, 35, 48, 5, -4.741365331619778, 4.686038267459508, -4.6822829075997525, -3.7806828061363578, 3.7627576133282057, 2.1731964776753516, -3.8927653706874903, 2.0, 2.0, 2.0, 2.0, 2.0, 2.0, 2.0
96, 3, 67, 57, 4, 4.986893328496651, 3.421763660348308, 3.0355766254826317, 2.0, 2.0, 2.0
97, 7, 82, 74, 72, 71, 84, 77, 85, 3.9850017788875673, -4.021982624437191, -3.15679277754, 2.0900780159881784, 2.5253694203910597, 4.175018228897356, 2.7897420395540333, 2.0, 2.0, 2.0, 2.0, 2.0, 2.0, 2.0
98, 1, 30, 4.351279527452322, 2.0
99, 5, 70, 30, 31, 81, 59, 3.749572412831293, -2.857274973778118, -4.014437446001621, 3.9342357457304558, 4.077076767383174, 2.0, 2.0, 2.0, 2.0, 2.0
100, 6, 64, 84, 19, 10, 18, 5, -2.121052480579099, -4.0182938432374, -2.996573099346814, -2.485014308710886, 2.9946940972015814, -3.343020276231255, 2.0, 2.0, 2.0, 2.0, 2.0, 2.0
101, 2, 76, 74, 3.4635029556320376, -2.1876945266583547, 2.0, 2.0
102, 1, 84, -2.6615127903069413, 2.0
103, 3, 9, 34, 21, -4.723696381338858, 2.802206083572624, 3.179585603083767, 2.0, 2.0, 2.0
104, 5, 48, 55, 41, 66, 65, 3.173098607382196, 2.199389977328816, 3.5078937278903917, 4.972037471197297, -2.6960545409264323, 2.0, 2.0, 2.0, 2.0, 2.0
105, 2, 5, 4, 2.402824552706827, 4.75245752939597, 2.0, 2.0
106, 2, 81, 32, 2.689480177392855, -2.202507640051466, 2.0, 2.0
107, 6, 72, 55, 63, 64, 51, 85, 2.2131046671320065, -4.299545148597754, 3.730107196573269, 3.233574553983758, 4.529978503363649, 2.0019601722838987, 2.0, 2.0, 2.0, 2.0, 2.0, 2.0
108, 3, 80, 71, 66, 4.287340876024605, -4.692097597372795, 4.270190501205704, 2.0, 2.0, 2.0
109, 2, 59, 56, -2.792185954081156, -2.5849255997008678, 2.0, 2.0
110, 2, 55, 67, 3.751140763194092, 4.943353723603807, 2.0, 2.0
111, 3, 46, 74, 41, 4.0818487715304705, 2.631520818996029, 2.168528232042317, 2.0, 2.0, 2.0
112, 8, 76, 33, 32, 31, 34, 22, 83, 82, -2.2468169728311858, 4.905611995099677, -3.556102983141785, 3.8968464609129194, 2.045332052643425, -4.142979907204992, 4.781371345593348, 2.4236706301194486, 2.0, 2.0, 2.0, 2.0, 2.0, 2.0, 2.0, 2.0
113, 1, 55, -4.345879931473878, 2.0
114, 3, 22, 24, 12, 3.385148431439357, -3.4887762586470847, 2.0875092909357935, 2.0, 2.0, 2.0
115, 1, 76, -3.378752171640869, 2.0
116, 6, 52, 69, 63, 29, 58, 65, 3.62528289280269, 2.468619706059866, -2.2017677419021036, -3.6465759952320678, 2.563761142445969, 2.043144338216255, 2.0, 2.0, 2.0, 2.0, 2.0, 2.0
117, 4, 25, 33, 21, 30, 4.203331796226774, -3.810911601678125, -3.771913501983913, 3.298300638797788, 2.0, 2.0, 2.0, 2.0
118, 2, 64, 31, 2.390242009486841, 2.5969764168783103, 2.0, 2.0
119, 4, 70, 76, 80, 86, 3.7785205415243306, 2.919390404128461, 2.3780060835919827, -2.1201773571520834, 2.0, 2.0, 2.0, 2.0
120, 5, 4, 19, 17, 5, 2, 2.871513517014261, 4.080854172421386, -4.839369539451217, 4.873802363170311, 2.8799258323416943, 2.0, 2.0, 2.0, 2.0, 2.0
121, 4, 60, 26, 65, 59, 4.083922876681184, -2.704920214987858, 4.293060159309282, 4.817205438350875, 2.0, 2.0, 2.0, 2.0
122, 4, 38, 35, 47, 41, 4.7981315243982845, -4.103418783252421, 2.250663012532069, 3.4732871881494956, 2.0, 2.0, 2.0, 2.0
123, 8, 65, 53, 50, 73, 69, 62, 52, 55, 3.871229254592027, 3.3927155592176748, 2.618756341508458, 4.9032843958086865, -3.9078209804801327, 4.693757560872998, 4.904197436152277, 4.255240977187521, 2.0, 2.0, 2.0, 2.0, 2.0, 2.0, 2.0, 2.0
124, 3, 1, 14, 6, 2.057982892752803, 2.5747788372044775, 2.497249339460468, 2.0, 2.0, 2.0
125, 3, 71, 78, 80, -3.867891600795974, -4.668557933131289, 2.5892576476160523, 2.0, 2.0, 2.0
126, 5, 80, 72, 75, 17, 73, 4.854334476989276, -2.632379304650086, -3.4536139852400325, 4.677674682459424, 3.3192214595237255, 2.0, 2.0, 2.0, 2.0, 2.0
127, 4, 41, 44, 36, 35, 4.781331886575282, 4.858445051007518, -3.3020629181262766, 4.040335656340918, 2.0, 2.0, 2.0, 2.0
128, 2, 64, 67, 2.0672776674861653, 3.948526789122342, 2.0, 2.0
129, 2, 72, 83, 2.688097331113017, 4.9097795760355725, 2.0, 2.0
130, 1, 40, 4.116382490850459, 2.0
131, 1, 17, 3.2583439818719406, 2.0
132, 5, 34, 63, 22, 61, 66, -4.895046108363416, 2.284753810465009, 4.762983563289728, 2.0934472783801734, -3.3268814163534057, 2.0, 2.0, 2.0, 2.0, 2.0
133, 3, 56, 53, 45, 4.671228551657985, 4.168213256716414, -4.5764503135044645, 2.0, 2.0, 2.0
134, 3, 49, 47, 44, 3.8489014577771723, -2.057386899311861, -2.9802276260901226, 2.0, 2.0, 2.0
135, 6, 67, 51, 50, 56, 61, 45, -4.41324217903242, 3.4552839799386206, -3.175578119564078, -4.249933395356212, 2.7787293478251476, -4.030822348990512, 2.0, 2.0, 2.0, 2.0, 2.0, 2.0
136, 4, 48, 70, 13, 82, 2.7026101127790025, 3.06477398263103, -3.7313677581149625, 3.712632250518429, 2.0, 2.0, 2.0, 2.0
137, 6, 82, 2, 74, 83, 85, 72, 2.555811066149971, 4.3194256217560145, 4.427070920875029, 3.713781409811292, 4.612007102376553, 3.407321633142736, 2.0, 2.0, 2.0, 2.0, 2.0, 2.0
138, 3, 14, 38, 60, 4.754717260026311, 3.632761898341093, 2.6561468389937817, 2.0, 2.0, 2.0
139, 4, 8, 14, 4, 9, 2.219244686081045, 2.305411048848611, 3.40996480447381, 4.831104778460663, 2.0, 2.0, 2.0, 2.0
140, 5, 63, 79, 75, 71, 73, 4.996677836099872, 3.4495425899410055, 2.907258533835609, 4.920147857494463, 2.8351054449879696, 2.0, 2.0, 2.0, 2.0, 2.0
141, 4, 83, 85, 73, 70, 2.429003367997179, 4.377784439627404, 4.39487959162756, -2.1559680559331227, 2.0, 2.0, 2.0, 2.0
142, 7, 2, 6, 1, 13, 57, 0, 3, 3.553881583137737, 3.3366249162256727, 2.3731051970015304, 3.0713634779015084, 4.149191335874297, 3.8232563667581676, 4.888305050759618, 2.0, 2.0, 2.0, 2.0, 2.0, 2.0, 2.0
143, 4, 73, 67, 63, 70, 2.9787617541234406, 4.1453004838511, -2.9799177482777326, 2.095231296118966, 2.0, 2.0, 2.0, 2.0
144, 7, 70, 76, 84, 74, 63, 71, 85, 3.2700054324595924, 4.467143633556063, 2.6546226036565166, 2.4407657707513124, -4.244551736146539, 3.3950285525792827, -3.881986805272034, 2.0, 2.0, 2.0, 2.0, 2.0, 2.0, 2.0
145, 6, 44, 46, 81, 45, 35, 6, 3.063274846379165, 2.688794482261906, 3.6579868033302447, 4.51372512455541, -3.2244550726000942, 2.6275563962237833, 2.0, 2.0, 2.0, 2.0, 2.0, 2.0
146, 4, 66, 52, 34, 51, -4.122191000098783, 2.1996941837426687, -2.7526791370733075, 3.000885187510597, 2.0, 2.0, 2.0, 2.0
147, 8, 32, 71, 34, 28, 73, 22, 30, 20, 2.5380940460366315, 4.542163791714121, 4.028078864157642, 3.715237949431246, 2.898150121116045, -4.083786281759856, -4.0563316496657045, -2.69124998635205, 2.0, 2.0, 2.0, 2.0, 2.0, 2.0, 2.0, 2.0
148, 4, 11, 5, 9, 1, 2.0271154072378765, 3.5889791718368595, 4.880406813216341, 3.240928024755906, 2.0, 2.0, 2.0, 2.0
149, 6, 28, 20, 26, 27, 30, 32, 4.498491130364814, 2.0044214662589344, 4.114613030130145, 2.3951450857372807, 2.997368471446136, -4.912029636229232, 2.0, 2.0, 2.0, 2.0, 2.0, 2.0
150, 5, 54, 50, 66, 86, 56, 3.451968104539241, 4.6870243328563355, -3.1676914150753657, 2.8743827404813818, 4.7246854661009685, 2.0, 2.0, 2.0, 2.0, 2.0
151, 3, 2, 12, 6, 3.0442867795048643, 3.442670439809027, 2.1499370859790363, 2.0, 2.0, 2.0
152, 4, 31, 33, 25, 27, 3.2550015923068405, 2.2309384011948987, -3.1530651155724048, 4.595887276726737, 2.0, 2.0, 2.0, 2.0
153, 1, 32, 2.3399105141823924, 2.0
154, 3, 45, 39, 29, 4.576292838048417, 3.9993891425805073, -2.8628981871310346, 2.0, 2.0, 2.0
155, 3, 83, 10, 82, 3.1236447301387438, 3.43070031940391, 2.835929189345109, 2.0, 2.0, 2.0
156, 4, 27, 40, 0, 26, 2.471819624539146, -3.282804001110012, 2.885904432715498, 4.451384426046755, 2.0, 2.0, 2.0, 2.0
157, 4, 32, 21, 31, 28, 3.210803007084774, 3.983042762741961, 4.252819395089954, -4.718261181443782, 2.0, 2.0, 2.0, 2.0
158, 4, 52, 50, 66, 65, 3.9449540223562867, 2.612949150196911, 2.686626387450497, 4.28690787350288, 2.0, 2.0, 2.0, 2.0
159, 3, 44, 67, 37, 3.5169024602658765, 3.7794746571184046, 4.198200424358495, 2.0, 2.0, 2.0
160, 6, 2, 18, 14, 6, 1, 72, 3.115217884718991, -4.5650906048598054, 3.517873723204795, 4.530948992155471, -3.4785937533423397, 2.8056865023609276, 2.0, 2.0, 2.0, 2.0, 2.0, 2.0
161, 2, 41, 36, 2.316179654323416, -2.776134926466323, 2.0, 2.0
162, 2, 5, 13, -2.7256798823386674, 4.362647257576338, 2.0, 2.0
163, 5, 34, 16, 13, 18, 11, -4.119889609636129, 3.740266504008364, 2.753004149786901, 2.6212274276325656, -3.0710880319100364, 2.0, 2.0, 2.0, 2.0, 2.0
164, 3, 47, 38, 45, 2.497244530895662, 2.6008460536028775, 4.245067560997219, 2.0, 2.0, 2.0
165, 3, 47, 49, 5, 4.67256660494944, 3.670635329516288, 3.5018107134641228, 2.0, 2.0, 2.0
166, 2, 33, 24, 2.226750841562201, 3.1415531296096835, 2.0, 2.0
167, 4, 34, 22, 38, 32, 3.830022251238457, -4.186943184967449, -3.8503508235576236, 4.213654954503818, 2.0, 2.0, 2.0, 2.0
168, 1, 56, -4.2761459634917625, 2.0
169, 2, 63, 57, -4.419995159080449, -2.8128280949490962, 2.0, 2.0
170, 5, 85, 42, 5, 75, 2, 4.250797291816527, -3.9926581549669047, 4.038860998205323, -3.6902250934515624, -2.0040608771464044, 2.0, 2.0, 2.0, 2.0, 2.0
171, 7, 60, 54, 67, 58, 15, 66, 73, -3.785909797782467, -2.015940427005038, -2.160043990966693, 2.230915008142622, 2.525665316317482, 3.7905556306632784, 2.6975179766234936, 2.0, 2.0, 2.0, 2.0, 2.0, 2.0, 2.0
172, 5, 4, 12, 9, 3, 1, 4.670423412188044, -3.9873020351032045, -3.564378916164416, 2.2268151218502523, 3.2128692417646074, 2.0, 2.0, 2.0, 2.0, 2.0
173, 1, 72, 2.302934320453283, 2.0
174, 6, 2, 16, 5, 15, 3, 1, -2.899401582695708, 3.5500951556788034, -2.228717653920693, 4.600311063518001, 3.097042244784114, -3.5928130352362815, 2.0, 2.0, 2.0, 2.0, 2.0, 2.0
175, 2, 18, 36, -2.2134748555202983, -3.3032099570198294, 2.0, 2.0
176, 3, 3, 7, 2, -2.6761438040202976, 4.135168417238146, 3.9393762249137914, 2.0, 2.0, 2.0
177, 2, 69, 22, 3.797906348418313, -4.585072711362036, 2.0, 2.0
178, 4, 37, 17, 43, 38, -3.8201951741523095, 4.341096509020645, 2.8675623388878497, -4.228644481003817, 2.0, 2.0, 2.0, 2.0
179, 5, 60, 62, 50, 56, 69, 2.793905080776072, 4.664354566802107, -3.5234151918763374, -3.7914659179709056, -2.538068030867723, 2.0, 2.0, 2.0, 2.0, 2.0
180, 2, 0, 6, 2.409802710953518, 4.9435775874923475, 2.0, 2.0
181, 5, 61, 8, 52, 62, 53, 2.101029211623392, -3.867029793851738, 2.2223162677246013, 2.975871855085243, 3.970188454164824, 2.0, 2.0, 2.0, 2.0, 2.0
182, 4, 11, 19, 33, 79, 4.778582205295346, 4.31336844755566, 4.854269662536698, 4.5146912632454015, 2.0, 2.0, 2.0, 2.0
183, 4, 41, 70, 20, 79, -4.293322184226513, 2.2536961342917134, 4.188034382263989, 3.084211337201559, 2.0, 2.0, 2.0, 2.0
184, 5, 12, 3, 18, 17, 0, -2.3555078707944546, 2.58749925240281, 2.207022777838449, 3.4290071999032965, 3.9549192814318297, 2.0, 2.0, 2.0, 2.0, 2.0
185, 2, 1, 0, 3.7853950247170447, 4.215792374396992, 2.0, 2.0
186, 4, 19, 16, 4, 2, 3.9639520605978635, 4.276328761271976, 4.123164050802583, -4.922583331449071, 2.0, 2.0, 2.0, 2.0
187, 3, 36, 30, 40, -4.170343453550003, 2.1697569684401468, 3.327636544444237, 2.0, 2.0, 2.0
188, 4, 46, 49, 47, 44, -2.35265390045066, 3.2473253105699658, -2.7246105251050454, 4.823362437601021, 2.0, 2.0, 2.0, 2.0
189, 3, 31, 15, 14, 2.304118692659477, 2.8474362319310798, -2.6625583488890268, 2.0, 2.0, 2.0
190, 4, 5, 55, 59, 60, 2.824111445143676, 4.409006215873511, 3.909122844600123, -3.9859068343816055, 2.0, 2.0, 2.0, 2.0
191, 4, 38, 67, 47, 40, -4.213752180062077, 3.3642930276579834, 3.062813981651647, 3.947966973730645, 2.0, 2.0, 2.0, 2.0
192, 8, 49, 47, 38, 45, 32, 25, 35, 37, -3.2868330002904327, 2.3160364534439997, -3.5643470725006403, -3.317631803749152, 4.113663284082335, 2.075580241877688, 2.0461846750739254, 4.018615005794239, 2.0, 2.0, 2.0, 2.0, 2.0, 2.0, 2.0, 2.0
193, 6, 46, 44, 40, 45, 47, 14, -2.495853470428872, 4.628958299426935, 4.80884186440678, -3.8316402650462735, 2.667083914244511, 2.116789889977002, 2.0, 2.0, 2.0, 2.0, 2.0, 2.0
194, 4, 24, 33, 18, 21, -2.489106010794773, 2.891872370922001, 4.822353561509324, -2.2353674489513717, 2.0, 2.0, 2.0, 2.0
195, 4, 46, 38, 41, 49, -2.005976405657211, 2.205376158000734, 3.2290131601279777, 3.6227150115142424, 2.0, 2.0, 2.0, 2.0
196, 1, 19, 2.454785224400298, 2.0
197, 1, 5, -4.420896472651981, 2.0
198, 3, 76, 65, 34, 2.170936180992105, 2.116814050062997, -2.9387221826409444, 2.0, 2.0, 2.0
199, 5, 78, 84, 70, 83, 77, -3.1144017878731303, 4.622215319915556, -3.8205408666204175, 4.393196790044642, 3.722862725270633, 2.0, 2.0, 2.0, 2.0, 2.0
200, 3, 32, 21, 30, 3.2681859106817965, 3.633490877311595, -3.121763141038441, 2.0, 2.0, 2.0
201, 5, 38, 29, 21, 26, 37, 3.1133388152903834, -2.9203297985664234, 4.127962485417829, 3.639290948233542, -2.2434475356087176, 2.0, 2.0, 2.0, 2.0, 2.0
202, 4, 58, 60, 52, 55, 4.088468435413776, 4.4448191856216175, -3.1264067853995012, 3.5540241992138744, 2.0, 2.0, 2.0, 2.0
203, 8, 42, 57, 45, 46, 38, 41, 35, 67, -4.6450718355305245, 2.606762541573605, 2.4810962183592293, 4.15621885356059, 4.7622998253900715, 3.965521143573014, -3.7487781704127894, 4.024358906502232, 2.0, 2.0, 2.0, 2.0, 2.0, 2.0, 2.0, 2.0
204, 4, 10, 64, 58, 4, 4.154993526116012, 3.081280481424458, 3.1483962933091636, 2.1866096784941083, 2.0, 2.0, 2.0, 2.0
205, 3, 2, 18, 12, 4.541182480951699, -3.5207613138855036, 2.866654816727497, 2.0, 2.0, 2.0
206, 4, 53, 68, 66, 43, -4.126296965687462, 4.825075959974091, 4.784546294341855, 2.929420625967407, 2.0, 2.0, 2.0, 2.0
207, 1, 57, -2.9414804246732467, 2.0
208, 3, 6, 18, 11, 4.379428621990218, 3.228236215451055, -2.686030338810826, 2.0, 2.0, 2.0
209, 2, 0, 1, -2.94688203129005, 2.029771463383507, 2.0, 2.0
210, 3, 26, 49, 20, -4.901105825768439, -4.0892894211083215, 4.900536499397856, 2.0, 2.0, 2.0
211, 4, 60, 56, 68, 83, -4.334075729433959, 3.962398211083621, 2.502071096710343, -3.1021721860912113, 2.0, 2.0, 2.0, 2.0
212, 3, 11, 30, 15, 3.9030910666150613, -4.833345748082911, -4.851377511725888, 2.0, 2.0, 2.0
213, 2, 5, 6, 3.378994611207984, 4.561354765114001, 2.0, 2.0
214, 3, 80, 68, 51, 2.526474882144072, 3.501078338646682, -4.37467460777411, 2.0, 2.0, 2.0
215, 3, 12, 4, 59, 3.1935098765064707, 2.441909132836911, -2.973535400526026, 2.0, 2.0, 2.0
216, 6, 62, 35, 61, 51, 69, 55, -4.702882687071403, 2.7593046175388265, -4.6375573178037435, 3.3538823390877646, 4.11541743671169, 2.420973554580545, 2.0, 2.0, 2.0, 2.0, 2.0, 2.0
217, 2, 34, 29, -2.8132887612921973, 3.05887551035707, 2.0, 2.0
218, 5, 32, 19, 0, 1, 11, 3.039572503858155, 4.627649250551171, -3.934497812066941, 3.3922854783605114, 2.666227612079962, 2.0, 2.0, 2.0, 2.0, 2.0
219, 3, 32, 73, 27, -3.192837135658612, 2.3890369346727063, -2.9293635776272975, 2.0, 2.0, 2.0
220, 4, 69, 64, 65, 58, 3.365515975200969, -4.351214753225709, -4.5113588834919565, 4.465492839756077, 2.0, 2.0, 2.0, 2.0
221, 5, 11, 20, 75, 32, 72, 2.965009968978646, 2.672880449855135, -4.411414671450426, 2.7928287894759176, 2.502473267282323, 2.0, 2.0, 2.0, 2.0, 2.0
222, 3, 73, 79, 83, -2.769389183050298, 4.579384024434937, 2.2610516549083663, 2.0, 2.0, 2.0
223, 3, 63, 27, 66, -4.574069813021687, -2.8701365958873106, 4.7874185600463885, 2.0, 2.0, 2.0
224, 4, 54, 50, 63, 68, 4.4134839272954665, 3.257814983498066, -4.99288489220647, 4.072651929652468, 2.0, 2.0, 2.0, 2.0
225, 3, 61, 53, 13, 2.7301900496555915, 2.025091045630571, -3.6922220865005535, 2.0, 2.0, 2.0
226, 5, 29, 5, 26, 23, 33, 3.86387734714883, 3.6397314260968847, 2.155006164973883, -4.103509584770779, 2.2762009582474265, 2.0, 2.0, 2.0, 2.0, 2.0
227, 2, 73, 77, -3.065959245421663, 4.0016370115825435, 2.0, 2.0
228, 6, 65, 15, 3, 16, 8, 17, 3.8585786001089097, 3.7448668789675805, 2.422408846678028, 2.847488197918557, -4.943533510286883, -3.4926195564383065, 2.0, 2.0, 2.0, 2.0, 2.0, 2.0
229, 1, 79, -3.2204144028551704, 2.0
230, 4, 12, 7, 5, 0, 4.758593073968149, 4.9434311953754655, -3.2984480066284076, 3.18539272283451, 2.0, 2.0, 2.0, 2.0
231, 7, 21, 16, 14, 2, 11, 44, 13, 2.5019639120031814, 3.059151174800907, -2.108056454874279, 2.0707848939365876, 4.544126268804452, 2.3077038877507694, 3.0757353845746196, 2.0, 2.0, 2.0, 2.0, 2.0, 2.0, 2.0
232, 3, 1, 18, 53, 4.890497722662765, 4.432635743023756, 2.653002198741608, 2.0, 2.0, 2.0
233, 6, 12, 68, 57, 74, 82, 52, -4.979765046268892, 4.091407417675428, 2.7245018839785002, 3.027935439567565, -2.65612940097075, 4.411443635580341, 2.0, 2.0, 2.0, 2.0, 2.0, 2.0
234, 3, 35, 43, 40, 3.350762738428671, 2.7498708391928637, -2.1920190398258628, 2.0, 2.0, 2.0
235, 4, 50, 10, 84, 82, 2.054372123137189, 2.74202094745725, 2.7490068582206906, 2.548513339606451, 2.0, 2.0, 2.0, 2.0
236, 2, 75, 86, 2.4114454644582297, 2.6226228086171104, 2.0, 2.0
237, 1, 86, 2.714439960997089, 2.0
238, 2, 75, 31, 3.742097253662855, -2.833558328269137, 2.0, 2.0
239, 1, 36, 2.0271624847411127, 2.0
240, 6, 60, 69, 65, 18, 61, 66, -4.282553992792345, 4.003281774809459, -3.6901860521379204, 4.507477783731548, -3.672011508719024, 3.025715834316471, 2.0, 2.0, 2.0, 2.0, 2.0, 2.0
241, 4, 27, 29, 32, 78, 4.614242102572563, 3.0021498970063076, 2.6159988161203995, 2.585499551655951, 2.0, 2.0, 2.0, 2.0
242, 4, 56, 59, 61, 51, 4.667383771820029, -2.808535586876818, -2.1169379619833912, 2.5503265892103038, 2.0, 2.0, 2.0, 2.0
243, 3, 44, 38, 46, 3.1781922298142486, -3.753346729272278, 4.197203147175138, 2.0, 2.0, 2.0
244, 2, 35, 39, -4.872743045251452, -4.362161080256999, 2.0, 2.0
245, 1, 41, 2.780709793955688, 2.0
246, 5, 21, 31, 22, 26, 29, -4.341895152276671, 2.828957325397561, 2.822214768026573, 3.5143867949135843, -4.198097151770841, 2.0, 2.0, 2.0, 2.0, 2.0
247, 5, 78, 1, 85, 82, 75, 3.4681776122197663, -3.5570968403886463, 2.456145702273475, -4.477132854682001, -3.516526281169592, 2.0, 2.0, 2.0, 2.0, 2.0
248, 3, 65, 51, 56, -3.8738421443435946, 4.564922058684423, 3.7364202635358215, 2.0, 2.0, 2.0
249, 2, 2, 9, 4.695681814024518, -4.931923723974511, 2.0, 2.0
250, 2, 78, 85, 4.224924355508127, 3.374970783762726, 2.0, 2.0
251, 1, 41, 2.478476787624075, 2.0
252, 5, 83, 36, 64, 85, 72, 3.670354732784564, 3.7683619684540917, 3.6985420736752124, 3.0536581620463426, -2.441826690656273, 2.0, 2.0, 2.0, 2.0, 2.0
253, 3, 50, 60, 57, 4.378274340718439, -2.563167217076756, 2.6447379111091873, 2.0, 2.0, 2.0
254, 2, 37, 45, 4.854472130530361, -4.020936252424724, 2.0, 2.0
255, 6, 6, 7, 19, 11, 23, 32, 2.725931390951136, -3.708619338701311, 3.6172836582080263, 4.18658432680984, -4.1811702848461705, 3.44911909267667, 2.0, 2.0, 2.0, 2.0, 2.0, 2.0
256, 4, 31, 33, 32, 27, 3.296056782783518, -3.7971337614511445, 2.805601268202822, -4.0181089826266945, 2.0, 2.0, 2.0, 2.0
257, 2, 68, 41, 3.945916870306447, -2.481387842813679, 2.0, 2.0
258, 1, 66, -3.583032398665085, 2.0
259, 2, 27, 25, 4.390044191574117, 4.516991983154032, 2.0, 2.0
260, 5, 17, 3, 12, 0, 45, 2.614040327171852, 3.86724092469799, 2.1347338969868477, 4.139620649847853, 2.5377597672178425, 2.0, 2.0, 2.0, 2.0, 2.0
261, 1, 70, 4.642919016918972, 2.0
262, 2, 86, 79, -4.725303655638125, 2.9846993170350182, 2.0, 2.0
263, 3, 40, 85, 46, -4.474229712041023, 2.2813295787710492, -3.5448000497397785, 2.0, 2.0, 2.0
264, 6, 13, 3, 19, 25, 10, 7, 3.969893221123628, 4.343965567241915, 2.847417279110011, 2.034253950362221, -3.921845550646662, 2.778625349528271, 2.0, 2.0, 2.0, 2.0, 2.0, 2.0
265, 2, 26, 25, 4.15536184196765, 4.111099338887152, 2.0, 2.0
266, 4, 11, 15, 12, 10, 2.286197831939632, 3.3098425693062983, 4.283023770486176, 3.999801437139858, 2.0, 2.0, 2.0, 2.0
267, 6, 70, 80, 81, 74, 44, 36, -4.648744449556166, 3.703181953793164, -3.1165197657406916, 4.59397676557442, 3.6601135692493156, 3.839875054662137, 2.0, 2.0, 2.0, 2.0, 2.0, 2.0
268, 5, 19, 6, 83, 26, 3, 3.275684556313082, 4.8818809265395995, 4.535362554488104, -4.587921413447537, 3.734895198261082, 2.0, 2.0, 2.0, 2.0, 2.0
269, 6, 55, 69, 59, 62, 64, 33, 4.013472420139066, 4.512101239310452, 2.5727797552149303, -4.988473020496336, 2.938333967631062, 3.870946334870798, 2.0, 2.0, 2.0, 2.0, 2.0, 2.0
270, 6, 22, 43, 28, 42, 48, 21, 4.421212711600109, 3.5450169791291692, 2.0364703144321603, 4.442377056773486, -2.658661769689406, 3.751318341542335, 2.0, 2.0, 2.0, 2.0, 2.0, 2.0
271, 5, 43, 47, 48, 37, 40, 3.606661444639018, 3.5576737123406152, 4.879588408140366, 4.515475501529075, 2.8771493312365792, 2.0, 2.0, 2.0, 2.0, 2.0
272, 3, 43, 50, 49, 3.0706579255133306, 2.207137718943799, 4.106438288545489, 2.0, 2.0, 2.0
273, 3, 85, 6, 72, 3.4583914556447723, 2.5907771133602853, -4.919230393736894, 2.0, 2.0, 2.0
274, 6, 12, 1, 10, 8, 3, 40, 3.11517219920703, -4.03262680237686, 2.4880992314256978, 2.570322949351183, 2.440888128764629, 3.3317583635191337, 2.0, 2.0, 2.0, 2.0, 2.0, 2.0
275, 4, 1, 12, 19, 17, 2.9355915737506497, 3.17737455868844, 2.1127132711967223, -3.773390909775549, 2.0, 2.0, 2.0, 2.0
276, 1, 10, 3.6952559373582687, 2.0
277, 2, 0, 39, 2.5976458246821594, -3.3630362692029654, 2.0, 2.0
278, 4, 83, 46, 82, 77, -4.387779161430507, 2.484088403166151, -2.857122702982671, -4.331147856955268, 2.0, 2.0, 2.0, 2.0
279, 4, 64, 65, 51, 67, -3.963026016478159, 4.593299740605092, 4.647679630317041, 4.032594841651054, 2.0, 2.0, 2.0, 2.0
280, 6, 69, 56, 62, 57, 53, 65, 2.5091852857307693, -3.897173972985162, -4.476246992371844, 3.2745525286042607, 3.9850528651995694, 3.7608095196767213, 2.0, 2.0, 2.0, 2.0, 2.0, 2.0
281, 2, 50, 62, 3.4227650629308606, -4.534614043265687, 2.0, 2.0
282, 1, 17, -2.558407693260044, 2.0
283, 2, 75, 85, 2.4322363580395985, 4.762218951027906, 2.0, 2.0
284, 2, 40, 77, -2.0657399863250268, 4.586608920974566, 2.0, 2.0
285, 7, 32, 29, 27, 31, 33, 20, 23, 2.8623849946917503, -3.213582156721609, 2.751403696377497, 4.941106222826555, -3.9455144603560646, 3.989141575410267, 3.6862183832077133, 2.0, 2.0, 2.0, 2.0, 2.0, 2.0, 2.0
286, 7, 49, 47, 35, 41, 79, 44, 43, 2.5150817231163485, 3.8232580492869577, -3.1971059529273043, -2.211475836929434, 3.3619697335990972, 3.50939741765462, 3.061367476209308, 2.0, 2.0, 2.0, 2.0, 2.0, 2.0, 2.0
